public class magicSquare {

    //stores all possible 3x3 magic squares
    int[][] array;

    public magicSquare(int[][] array){
        this.array = array;
    }
    int[][] ms1 = new int[][]{
            {8,1,6},
            {3,5,7},
            {4,9,2}
    };

    int[][] ms2 = new int[][]{
            {6,1,8},
            {7,5,3},
            {2,9,4}
    };
    int[][] ms3 = new int[][]{
            {4,9,2},
            {3,5,7},
            {8,1,6}
    };
    int[][] ms4 = new int[][]{
            {2,9,4},
            {7,5,3},
            {6,1,8}
    };
    int[][] ms5 = new int[][]{
            {8,3,4},
            {1,5,9},
            {6,7,2}
    };
    int[][] ms6 = new int[][]{
            {4,3,8},
            {9,5,1},
            {2,7,6}
    };
    int[][] ms7 = new int[][]{
            {6,7,2},
            {1,5,9},
            {8,3,4}
    };
    int[][] ms8 = new int[][]{
            {2,7,6},
            {9,5,1},
            {4,3,8}
    };









}
